var_index	mse_0	corr_0	mse_0_revcomp	corr_0_revcomp	mse_1	corr_1	mse_1_revcomp	corr_1_revcomp	mse_-1	corr_-1	mse_-1_revcomp	corr_-1_revcomp
0	0.01113848425886075980	0.97749301421329437556	0.02169379451162188610	0.97289531042850641018	0.01097019360024117755	0.97842512712959195387	0.00860251869899456185	0.98068809354950159385	0.01137121991324125010	0.97920788363383837183	0.01472267670626331570	0.96645956911630415131
1	0.00889825369834236837	0.97037313056850460491	0.01302915506151564907	0.96693266520556875321	0.01755199152861668804	0.95256859704911367448	0.00913745794036462458	0.97714905759359937942	0.01431807790195121013	0.96315946972654475911	0.00574625076196525093	0.98502491536139247241
2	0.00839071964411109393	0.96500983785450733521	0.00857504242470692388	0.95709084384649267818	0.01700015540224791150	0.94419140836347081880	0.01066420200008703564	0.95191533231759306588	0.00627273055868551345	0.97218680340766927550	0.00215863507485257108	0.98826624885303626655
3	0.03572960534967529328	0.94070521728591782740	0.02413190021997541068	0.93511029286682956219	0.03728183069757869811	0.92771304266933118932	0.01953123050099269883	0.94315560717642743516	0.03154242163879922289	0.90490961808973624514	0.00749674694414621291	0.97778876642775403027
4	0.01667980058320034722	0.95374345323952036679	0.00666311028673587623	0.98414136568353105528	0.01503224323092421620	0.97358823521718163008	0.01281594637952607023	0.96619908577438018416	0.01163776947020959095	0.97531283830084447573	0.00752982470972038062	0.98017178251172509817
5	0.01078572019173830096	0.97845036797570694720	0.01146208343776215256	0.97796515618599744180	0.01278352602887386849	0.97454715323566398766	0.00449813304310785374	0.99092650256667758057	0.01183238766535374409	0.97591445676948407328	0.01279397588127097717	0.98200660181069421295
6	0.01710674438107107065	0.97807503772552562005	0.00571041293123101049	0.99397855450870886695	0.00840998610703147520	0.98652840781334560916	0.00349397872794773986	0.99507051591698247872	0.00767035628535588966	0.98861704801260563702	0.00546644734578278710	0.99258829745237342479
7	0.01657766871919083215	0.95731656524259722829	0.02591161313175223760	0.91785471924132888688	0.01148212619512070307	0.97019868475683168629	0.02049829447122882009	0.93151025466172865386	0.01507006211107535243	0.95899503925337314936	0.03047865794398062905	0.90196877052103385797
8	0.01008904227950355864	0.98389715595088289568	0.01368055464059621425	0.97535575506334404317	0.01389574630940481823	0.97819618679775333092	0.01521911177657884508	0.97440806396806978196	0.00732511310899922660	0.98723018248065719238	0.00783701257097700783	0.98564327380901717301
9	0.02872553029717053730	0.92992108740695944569	0.00445248597336948305	0.98501057561555538378	0.00795201799425912167	0.97910236245045489945	0.00921696891520376420	0.97790951354230848391	0.01538290823812642726	0.95857891260189642679	0.00964516577095894147	0.97952040609582891051
